5075
5230
5238
5254
5326
5341
5344
5347
5359
5363
5365
5371
5377
5396
5520
5623
5632
5782
5788
5803
5824
5849
5863
5873
5902
5992
6001
6022
6025
6086
6091
6100
6112
6115
6123
6127
6130
6136
6140
6144
6238
6242
6243
6244
6268
6280
6286
6307
6319
6440
6541
6542
6550
6551
6728
6745
6775
6793
6797
6798
6811
6815
6841
6856
6859
6862
6878
6881
6919
6931
6952
7051
7093
7124
7126
7186
7216
7222
7234
7246
759606
759629
759644
759647
759701
759746
759812
759817
759884
759905
759914
759920
759932
759965
759968
760040
760046
760067
760070
760091
760101
760112
760115
760118
760121
760130
760139
760142
760181
760184
760196
760223
760235
760283
760298
760307
760310
760328
760331
760340
760361
760370
760380
760381
760406
760412
760424
760430
760475
760484
760522
760532
760533
760534
760547
760563
760564
760565
760591
760611
760646
760655
760661
760670
760674
760679
760683
760724
760730
760751
760757
760769
760793
760805
760817
760820
760826
760830
760841
760859
760862
760869
760886
760925
760928
760931
760946
760985
761015
761021
761027
761036
761037
761057
761095
761097
761098
761102
761109
761110
761132
761133
761150
761155
761161
761165
761180
761189
761195
761207
761213
761219
761234
761249
761255
761261
761264
761277
761327
761354
761360
761362
761373
761374
761375
761408
761414
761423
761435
761438
761439
761441
761444
761447
761489
761492
761510
761537
761570
761573
761579
761606
761615
761636
761648
761657
761732
761735
761747
761750
761765
761772
761773
761778
761791
761792
761813
761815
761816
761834
761848
761852
761858
761885
761906
761909
761912
761915
761916
761948
761954
762008
762014
762017
762053
762062
762065
762083
762086
762101
762114
762131
762140
762143
762149
762167
762176
762185
762233
762257
762266
762285
762317
762329
762338
762347
762362
762369
762395
762398
762401
762404
762410
762416
762434
762449
762470
762488
762489
762490
762509
762510
762512
762533
762536
762537
762551
762581
762582
762729
762731
762736
762737
762750
762753
762758
762782
762785
762788
762789
762799
762812
762813
762818
762827
762857
762860
762863
762889
762929
762995
763028
763031
763034
763040
763070
763085
763115
763123
763136
763148
763158
763166
763205
763206
763207
763214
763226
763238
763253
763268
763283
763284
763351
763352
763414
763441
763444
763456
763486
763528
763546
763552
763555
763570
763573
763594
763636
763660
763675
763696
763702
763717
763723
763732
763741
763744
763774
763807
763816
763835
763836
763853
763858
763872
763876
763879
763884
763886
763888
763891
763894
763900
763945
763951
763987
763991
763993
763996
764002
764005
764024
764026
764032
764040
764044
764083
764098
764101
764131
764188
764195
764197
764203
764206
764215
764257
764266
764269
764272
764278
764365
764380
764387
764389
764405
764419
764428
764431
764434
764446
764449
764452
764458
764461
764497
764521
764527
764536
764539
764554
764560
764566
764575
764593
764611
764650
764752
764764
764809
764815
764817
764827
764858
764888
764911
764932
764948
764968
764995
765007
765008
765011
765012
765019
765034
765040
765041
765047
765055
765073
765076
765079
765089
765103
765150
765220
765247
765248
765251
765252
765253
765298
765300
765319
765326
765327
765330
765349
765352
765383
765409
765421
765454
765478
765499
765529
765541
765553
765556
765580
765613
765625
765628
765700
765739
765751
765753
765772
765784
765793
765796
765811
765826
765835
765850
765883
765886
765892
765937
765947
765967
766010
766011
766021
766027
766043
766054
766082
766083
766084
766096
766129
766135
766141
766142
766178
766258
766273
766274
766280
766303
766312
766345
766348
766357
766363
766381
766384
766390
766408
766426
766447
766484
766485
766487
766528
766540
766549
766573
766583
766585
766591
766597
766607
766657
766672
766726
766765
766774
766804
766861
766864
766894
766895
766900
766963
766972
766996
767033
767034
767059
767062
767098
767119
767123
767180
767181
767191
767206
767209
767212
767221
767230
767233
767263
767264
767265
767278
767281
775639
775718
775736
775747
775796
775798
775817
775851
775856
775909
775981
776000
776009
776053
776100
776132
776155
776159
776182
776741
776744
776982
777085
777095
777115
777170
777194
777206
777254
777416
777626
777647
778019
778025
779130
779181
1416222
1416232
1416234
1416410
1417019
1417554
1417793
2101723
2101732
2101774
2101777
2101804
2101808
2101830
2101837
2101838
2101875
2101891
2101912
2101920
2101924
2101963
2101966
2101972
2101990
2102020
2102023
2102026
2102131
2102133
2102212
2102233
2102240
2102302
2102317
2102328
2102334
2102337
2102344
2102359
2102366
2102371
2102373
2102377
2102401
2102407
2102482
2102494
2102497
2102509
2102517
2102518
2102533
2102572
2102623
2102644
2102680
2102718
2102773
2102781
2102787
2102791
2102800
2102812
2102845
2102857
2102860
2102866
2102872
2102893
2102899
2102911
2102929
2102934
2102938
2102939
2102990
2103037
2517993
2518019
2518025
2518034
2518035
2518041
2518049
2518076
2518121
2518132
2518146
2518162
2518174
2518190
2518220
2518234
2518248
2518249
2518279
2518444
2518447
2518462
2518468
2518480
2518483
2518504
2518506
2518519
2518528
2518561
2518574
2518576
2518579
2518591
2518609
2518624
2518672
2518678
2518684
2518711
2518714
2518732
2518747
2518777
2518783
2518825
2518864
2518879
2518885
2518898
2518910
2518919
2518921
2518936
2518939
2518942
2518963
2518969
2518979
2519008
2519017
2519020
2519021
2519022
2519068
2519072
2519110
2519137
2519158
2519173
2519227
2519236
2519260
2519266
2519272
2519281
2519287
2519295
2519305
2519306
2519329
2519338
2519347
2714526
2714846
2715795
2726051
2726105
2726210
2726303
2726312
2726315
2726318
2726336
2726348
2726357
2726366
2726387
2726390
2726393
2726397
2726408
2726510
2726528
2726543
2726551
2726552
2726556
2726558
2726564
2726591
2726593
2726600
2726638
2726672
2726675
2726687
2726696
2726717
3568779
3569029
3569151
3569169
3569181
3569197
3569208
3569211
3569226
3569235
3569250
3569256
3569265
3569268
3877482
3877494
3877503
3877507
3877553
3877587
3877613
3877656
3877668
3877686
3877692
3877743
3877764
3877770
3877776
3877782
3877818
3877839
3877848
3877857
3877866
3877896
3877900
3877905
3877908
3877909
3877920
3877926
3877962
3877986
3877989
3878001
3878022
3878028
3878031
3878040
3878055
3878061
3878067
3878070
3878076
3878094
3878103
3878106
3878118
3878130
3878141
3878143
3878157
3878163
3878187
3878193
3878217
3878247
3878271
3878284
3878292
3878298
3878304
3878313
3878322
3878331
3878334
3878337
3878346
3878367
3878376
3878385
3878415
3878424
3878436
3878442
3878454
3878472
3878478
3878484
3878490
3878496
3878597
3878665
3878672
3878716
3878725
3878736
3878737
3878742
3878746
3878764
3878788
3878806
3878809
3878824
3878833
3878836
3878853
3878878
3878914
3878947
3878968
3878976
3878998
3879006
3879013
3879079
3879088
3879094
3879127
3879154
3879160
3879178
3879222
3879226
3879229
3879232
4407588
4407603
4407609
4407620
4407652
4407654
4407666
4407667
4407668
4407762
4407798
4407802
4407848
4407873
4407927
4407967
4408156